# Author: Ahmad Thabet Mohammad Badary
# Date: Jun 30 2017

Problem 3: 
 | Iter # | Method    |        a          |        b          |        p          |       f(p)             |
 |--------+-----------+-------------------+-------------------+-------------------+------------------------|
 |    0   | Bisection | 15.95000000000000 | 30000000000000000 | 15.95000000000000 | -0.970853710904257     |
 |    1   | Newton    | 15.95000000000000 | 20.00058650401175 | 20.00058650401175 | 0.4075465044044687     |
 |    2   | Bisection | 15.95000000000000 | 17.97529325200587 | 17.97529325200587 | 0.6415623364687243     |
 |    3   | Newton    | 17.13891383831840 | 17.97529325200587 | 17.13891383831840 | -0.1393909960451945    |
 |    4   | Newton    | 17.13891383831840 | 17.27967897098353 | 17.27967897098353 | 0.0009188352730916645  |
 |    5   | Newton    | 17.27876013579029 | 17.27967897098353 | 17.27876013579029 | -2.5901010039244834e-10|

 
 
 
 
Problem 4: 
 |   x0     |            a              |             b             |            x         |
 |----------+---------------------------+---------------------------+----------------------|
 |   -3     |     -9.87194767350000     |     3.871947673500000     |     1.201060600752650|
 |   -2     |     -5.43597383670000     |     1.435973836700000     |     1.201060600753750|
 |   -1     |     -4.43597383670000     |     2.435973836700000     |     1.201060600734305|
 |    0     |     -1.71798691830000     |     1.717986918300000     |     1.201060601065918|
 |    1     |     0.785251635300000     |     1.214748364700000     |     1.201060600734283|
 |    2     |     1.141006540899999     |     2.429496729500000     |     1.201060600734212|
 |    3     |     -0.43597383670000     |     4.717986918300000     |     1.201060600944312|
 |    4     |     3.141006540900000     |     4.858993459100001     |     4.753386288266504|
 |    5     |     4.570503270500000     |     5.214748364700000     |     4.753386288266628|
 |    6     |     4.282013081700000     |     6.858993459100001     |     4.753386288235791|
 |    7     |     6.141006540899999     |     7.858993459100001     |     7.850924543635158|
 |    8     |     7.785251635300000     |     8.107374182300001     |     7.850924543665151|
 |    9     |     7.282013081700000     |     9.858993459100000     |     7.850924543669278|
 |   10     |     8.282013081699999     |     11.71798691830000     |     10.99575871599307|
